%YAML:1.0
cameraMatrix: !!opencv-matrix
   rows: 3
   cols: 3
   dt: d
   data: [ 3.0123001690120800e+03, 0., 5.9215043570861110e+02, 0.,
       2.9998684680108986e+03, 9.9971623145889487e+02, 0., 0., 1. ]
imageSize_width: 1216
imageSize_height: 1936
sensorSize_width: 0
sensorSize_height: 0
distCoeffs: !!opencv-matrix
   rows: 5
   cols: 1
   dt: d
   data: [ -1.8751272396739144e-01, 2.8153755944637937e+00,
       4.2329393119785860e-03, 2.5054602858423365e-03,
       -1.2315668795333801e+01 ]
reprojectionError: 3.1658485531806946e-01
features:
   - [ 1.00811835e+03, 1.43185242e+03, 9.23554443e+02, 1.43725940e+03,
       8.38063110e+02, 1.44275635e+03, 7.50660095e+02, 1.44810010e+03,
       6.61992859e+02, 1.45321265e+03, 5.71758301e+02, 1.45869739e+03,
       9.99703979e+02, 1.34221143e+03, 9.15813232e+02, 1.34711218e+03,
       8.30314697e+02, 1.35188867e+03, 7.43398987e+02, 1.35639954e+03,
       6.55459595e+02, 1.36108398e+03, 5.65538269e+02, 1.36545728e+03,
       9.91570679e+02, 1.25321448e+03, 9.07958191e+02, 1.25746899e+03,
       8.22986328e+02, 1.26137073e+03, 7.36481873e+02, 1.26557654e+03,
       6.48695984e+02, 1.26929553e+03, 5.59519226e+02, 1.27323938e+03,
       9.83368347e+02, 1.16513135e+03, 9.00192993e+02, 1.16851501e+03,
       8.15760559e+02, 1.17182324e+03, 7.29760437e+02, 1.17517273e+03,
       6.42239807e+02, 1.17837866e+03, 5.53343384e+02, 1.18138940e+03,
       9.75455017e+02, 1.07812354e+03, 8.92651306e+02, 1.08080505e+03,
       8.08986145e+02, 1.08337268e+03, 7.23024414e+02, 1.08603479e+03,
       6.36026123e+02, 1.08841687e+03, 5.47324280e+02, 1.09108679e+03,
       9.67596436e+02, 9.92253357e+02, 8.85111206e+02, 9.94258789e+02,
       8.01437561e+02, 9.96113342e+02, 7.16000305e+02, 9.98090149e+02,
       6.29302063e+02, 9.99848633e+02, 5.41281372e+02, 1.00174689e+03,
       9.59956787e+02, 9.06803894e+02, 8.77768372e+02, 9.08138550e+02,
       7.94485657e+02, 9.09470581e+02, 7.09367432e+02, 9.10708557e+02,
       6.23530579e+02, 9.11744690e+02, 5.35661072e+02, 9.13134277e+02,
       9.52002808e+02, 8.22562134e+02, 8.70365845e+02, 8.23174194e+02,
       7.87513794e+02, 8.23771667e+02, 7.02949585e+02, 8.24430176e+02,
       6.17229675e+02, 8.25115784e+02, 5.30032166e+02, 8.25703735e+02,
       9.44146301e+02, 7.39539734e+02, 8.62838806e+02, 7.39564209e+02,
       7.80333252e+02, 7.39580750e+02, 6.96243225e+02, 7.39586487e+02,
       6.11068298e+02, 7.39613403e+02, 5.24340515e+02, 7.39539856e+02 ]
   - [ 1.00226581e+03, 1.36665283e+03, 9.26212402e+02, 1.36852869e+03,
       8.49479736e+02, 1.37041870e+03, 7.71399841e+02, 1.37203564e+03,
       6.92191284e+02, 1.37377344e+03, 6.11748352e+02, 1.37539685e+03,
       9.99055054e+02, 1.28616687e+03, 9.23567383e+02, 1.28759814e+03,
       8.46819824e+02, 1.28898279e+03, 7.68883118e+02, 1.29018286e+03,
       6.90267334e+02, 1.29121948e+03, 6.09929810e+02, 1.29211328e+03,
       9.96222534e+02, 1.20599585e+03, 9.20786804e+02, 1.20675513e+03,
       8.44320190e+02, 1.20760913e+03, 7.66591064e+02, 1.20825659e+03,
       6.88004150e+02, 1.20888367e+03, 6.08238403e+02, 1.20931274e+03,
       9.93109863e+02, 1.12605725e+03, 9.17990967e+02, 1.12628796e+03,
       8.41912659e+02, 1.12652979e+03, 7.64388306e+02, 1.12663416e+03,
       6.85896240e+02, 1.12661926e+03, 6.06386353e+02, 1.12656018e+03,
       9.90169739e+02, 1.04689111e+03, 9.15425781e+02, 1.04663770e+03,
       8.39806519e+02, 1.04618286e+03, 7.62419739e+02, 1.04589514e+03,
       6.84255920e+02, 1.04540833e+03, 6.04526245e+02, 1.04478369e+03,
       9.87323914e+02, 9.68393494e+02, 9.12683655e+02, 9.67669556e+02,
       8.36832886e+02, 9.66747925e+02, 7.59962158e+02, 9.65759277e+02,
       6.81993469e+02, 9.64672302e+02, 6.02737854e+02, 9.63670593e+02,
       9.84607971e+02, 8.90209595e+02, 9.10101135e+02, 8.88821899e+02,
       8.34713684e+02, 8.87513550e+02, 7.57818298e+02, 8.85955322e+02,
       6.80332886e+02, 8.84309998e+02, 6.01164429e+02, 8.82802429e+02,
       9.81513550e+02, 8.12605530e+02, 9.07458557e+02, 8.10699951e+02,
       8.32382019e+02, 8.08818481e+02, 7.55715759e+02, 8.06795410e+02,
       6.78288635e+02, 8.04766785e+02, 5.99504333e+02, 8.02815674e+02,
       9.78629700e+02, 7.35826294e+02, 9.04574036e+02, 7.33494507e+02,
       8.29680603e+02, 7.31196655e+02, 7.53417358e+02, 7.28639587e+02,
       6.76186707e+02, 7.26200073e+02, 5.97829468e+02, 7.23578918e+02 ]
   - [ 1.02564026e+03, 1.38748071e+03, 9.48605164e+02, 1.38971692e+03,
       8.70760925e+02, 1.39237329e+03, 7.91215210e+02, 1.39494788e+03,
       7.10286377e+02, 1.39708472e+03, 6.27877441e+02, 1.39945215e+03,
       1.03542700e+03, 1.30983984e+03, 9.58084290e+02, 1.31165430e+03,
       8.79415588e+02, 1.31336951e+03, 7.99273132e+02, 1.31510156e+03,
       7.18225281e+02, 1.31696826e+03, 6.35307129e+02, 1.31848425e+03,
       1.04524768e+03, 1.23052075e+03, 9.67533630e+02, 1.23175305e+03,
       8.88471924e+02, 1.23275562e+03, 8.07753723e+02, 1.23393713e+03,
       7.26001282e+02, 1.23488086e+03, 6.42816406e+02, 1.23602917e+03,
       1.05516370e+03, 1.14984875e+03, 9.77215881e+02, 1.15049695e+03,
       8.97727112e+02, 1.15099939e+03, 8.16572937e+02, 1.15145972e+03,
       7.34034912e+02, 1.15187891e+03, 6.50350647e+02, 1.15210901e+03,
       1.06554150e+03, 1.06861365e+03, 9.87013306e+02, 1.06864661e+03,
       9.07390381e+02, 1.06868274e+03, 8.25526489e+02, 1.06827515e+03,
       7.42643066e+02, 1.06804846e+03, 6.57910583e+02, 1.06744531e+03,
       1.07587805e+03, 9.86627197e+02, 9.96609436e+02, 9.85621033e+02,
       9.16163818e+02, 9.84639160e+02, 8.34300232e+02, 9.83663025e+02,
       7.50616028e+02, 9.82611023e+02, 6.65613953e+02, 9.81484619e+02,
       1.08649731e+03, 9.03057617e+02, 1.00684271e+03, 9.01325989e+02,
       9.25963379e+02, 8.99608887e+02, 8.43466675e+02, 8.98044495e+02,
       7.59629578e+02, 8.96369812e+02, 6.73862244e+02, 8.94354736e+02,
       1.09707593e+03, 8.18589111e+02, 1.01733057e+03, 8.16307861e+02,
       9.35898438e+02, 8.13744812e+02, 8.52712341e+02, 8.11362671e+02,
       7.68004089e+02, 8.08752747e+02, 6.81881409e+02, 8.05957825e+02,
       1.10759436e+03, 7.32854370e+02, 1.02709229e+03, 7.29852417e+02,
       9.45328674e+02, 7.26614014e+02, 8.61402405e+02, 7.23376953e+02,
       7.76745483e+02, 7.19996887e+02, 6.89953735e+02, 7.16539307e+02 ]
   - [ 1.00128992e+03, 1.38637952e+03, 9.26120483e+02, 1.39984363e+03,
       8.50313110e+02, 1.41334143e+03, 7.73250000e+02, 1.42680945e+03,
       6.95317444e+02, 1.44059326e+03, 6.16439880e+02, 1.45416980e+03,
       9.75611755e+02, 1.32386011e+03, 9.01765320e+02, 1.33675244e+03,
       8.27082275e+02, 1.34993286e+03, 7.51169373e+02, 1.36308203e+03,
       6.74545105e+02, 1.37569714e+03, 5.96870483e+02, 1.38916614e+03,
       9.50936279e+02, 1.26334399e+03, 8.78201477e+02, 1.27572827e+03,
       8.04535278e+02, 1.28857605e+03, 7.29826477e+02, 1.30105383e+03,
       6.54372742e+02, 1.31367322e+03, 5.78069641e+02, 1.32604407e+03,
       9.26840332e+02, 1.20485583e+03, 8.55303650e+02, 1.21680542e+03,
       7.82699036e+02, 1.22878381e+03, 7.09134827e+02, 1.24081689e+03,
       6.34873230e+02, 1.25280920e+03, 5.59647156e+02, 1.26498218e+03,
       9.03890198e+02, 1.14835803e+03, 8.33273865e+02, 1.15960034e+03,
       7.61933960e+02, 1.17085522e+03, 6.89413269e+02, 1.18260168e+03,
       6.16162903e+02, 1.19412842e+03, 5.41983032e+02, 1.20608459e+03,
       8.81596008e+02, 1.09341528e+03, 8.11893372e+02, 1.10462903e+03,
       7.41524475e+02, 1.11577600e+03, 6.69994385e+02, 1.12686365e+03,
       5.97875183e+02, 1.13798376e+03, 5.24954895e+02, 1.14906653e+03,
       8.59853577e+02, 1.03976099e+03, 7.91317322e+02, 1.05066785e+03,
       7.21840454e+02, 1.06121106e+03, 6.51512512e+02, 1.07202161e+03,
       5.80422363e+02, 1.08246228e+03, 5.08421356e+02, 1.09354736e+03,
       8.38822632e+02, 9.88437378e+02, 7.71244507e+02, 9.98504944e+02,
       7.02689514e+02, 1.00853082e+03, 6.33368286e+02, 1.01887476e+03,
