%YAML:1.0
cameraMatrix: !!opencv-matrix
   rows: 3
   cols: 3
   dt: d
   data: [ 3.0157831332874393e+03, 0., 6.3443820434619431e+02, 0.,
       3.0025835029149093e+03, 9.8597378918499112e+02, 0., 0., 1. ]
imageSize_width: 1216
imageSize_height: 1936
sensorSize_width: 0
sensorSize_height: 0
distCoeffs: !!opencv-matrix
   rows: 5
   cols: 1
   dt: d
   data: [ -1.2697634570634272e-01, 1.4476462972277093e+00,
       1.4887077831938669e-03, 2.0328716152772167e-03,
       -9.8760613115185458e-01 ]
reprojectionError: 2.6383349299430847e-01
features:
   - [ 4.24200684e+02, 6.61699707e+02, 4.91354492e+02, 6.60563110e+02,
       5.57253418e+02, 6.60353455e+02, 6.23250122e+02, 6.59807556e+02,
       6.88240295e+02, 6.59507874e+02, 7.52777588e+02, 6.59196960e+02,
       4.28455780e+02, 7.27355896e+02, 4.95506378e+02, 7.26165283e+02,
       5.61919617e+02, 7.25581970e+02, 6.27786682e+02, 7.24550232e+02,
       6.93380920e+02, 7.23694946e+02, 7.57929138e+02, 7.23301025e+02,
       4.32467102e+02, 7.94000122e+02, 4.99793640e+02, 7.92471252e+02,
       5.66367432e+02, 7.91537781e+02, 6.32709961e+02, 7.90207458e+02,
       6.98117859e+02, 7.89229309e+02, 7.62982971e+02, 7.88034729e+02,
       4.36548035e+02, 8.61415222e+02, 5.04116058e+02, 8.59620483e+02,
       5.70968506e+02, 8.57938721e+02, 6.37408325e+02, 8.56365173e+02,
       7.03118713e+02, 8.54877747e+02, 7.68274475e+02, 8.53561951e+02,
       4.40632111e+02, 9.28753113e+02, 5.08555939e+02, 9.26581116e+02,
       5.75622131e+02, 9.24439880e+02, 6.42495300e+02, 9.22701538e+02,
       7.08364990e+02, 9.20730896e+02, 7.73470398e+02, 9.19277771e+02,
       4.44822876e+02, 9.96533813e+02, 5.12767029e+02, 9.94415588e+02,
       5.80112671e+02, 9.92066589e+02, 6.47116333e+02, 9.89730530e+02,
       7.13188721e+02, 9.87588196e+02, 7.78798889e+02, 9.85407043e+02,
       4.49264343e+02, 1.06535901e+03, 5.17214966e+02, 1.06249377e+03,
       5.84784912e+02, 1.05992822e+03, 6.52087952e+02, 1.05739111e+03,
       7.18485718e+02, 1.05450464e+03, 7.84127869e+02, 1.05202820e+03,
       4.53516541e+02, 1.13434167e+03, 5.21951721e+02, 1.13135352e+03,
       5.89683716e+02, 1.12821802e+03, 6.57076233e+02, 1.12508545e+03,
       7.23543579e+02, 1.12212646e+03, 7.89228638e+02, 1.11915710e+03,
       4.57649658e+02, 1.20380640e+03, 5.26450867e+02, 1.20028735e+03,
       5.94510559e+02, 1.19670581e+03, 6.61935547e+02, 1.19347595e+03,
       7.28595459e+02, 1.18997827e+03, 7.94665283e+02, 1.18658423e+03 ]
   - [ 4.28144348e+02, 8.04955811e+02, 4.86274261e+02, 8.04349121e+02,
       5.41316772e+02, 8.04399475e+02, 5.96200500e+02, 8.04265564e+02,
       6.49244995e+02, 8.04278870e+02, 7.01353882e+02, 8.04280884e+02,
       4.36291260e+02, 8.72315796e+02, 4.93467529e+02, 8.71311768e+02,
       5.49083130e+02, 8.70265930e+02, 6.03642822e+02, 8.69414368e+02,
       6.57334900e+02, 8.68251038e+02, 7.08870850e+02, 8.67614929e+02,
       4.43701141e+02, 9.40586548e+02, 5.01165375e+02, 9.38495056e+02,
       5.56624512e+02, 9.36616394e+02, 6.11440552e+02, 9.34783875e+02,
       6.64551941e+02, 9.33106323e+02, 7.16584290e+02, 9.31492737e+02,
       4.51411255e+02, 1.00953339e+03, 5.08739746e+02, 1.00637305e+03,
       5.64581116e+02, 1.00359100e+03, 6.19373291e+02, 1.00066083e+03,
       6.72470154e+02, 9.98145447e+02, 7.24350464e+02, 9.95668640e+02,
       4.59196991e+02, 1.07815564e+03, 5.16802368e+02, 1.07420813e+03,
       5.72869568e+02, 1.07025293e+03, 6.27502380e+02, 1.06654993e+03,
       6.80830200e+02, 1.06306311e+03, 7.32218323e+02, 1.05974573e+03,
       4.67305817e+02, 1.14710706e+03, 5.24413147e+02, 1.14220056e+03,
       5.80268494e+02, 1.13764978e+03, 6.34959106e+02, 1.13291406e+03,
       6.88188293e+02, 1.12842505e+03, 7.39917419e+02, 1.12414075e+03,
       4.75704315e+02, 1.21637134e+03, 5.32562073e+02, 1.21060400e+03,
       5.88369141e+02, 1.20496985e+03, 6.43083496e+02, 1.19957654e+03,
       6.96545288e+02, 1.19416724e+03, 7.48164307e+02, 1.18890430e+03,
       4.83786865e+02, 1.28606836e+03, 5.40739563e+02, 1.27917603e+03,
       5.96586487e+02, 1.27253662e+03, 6.51339233e+02, 1.26623730e+03,
       7.04288086e+02, 1.25989941e+03, 7.55865417e+02, 1.25391858e+03,
       4.91342834e+02, 1.35569092e+03, 5.48617310e+02, 1.34792139e+03,
       6.04480286e+02, 1.34046094e+03, 6.58980713e+02, 1.33303540e+03,
       7.11975098e+02, 1.32579236e+03, 7.63800293e+02, 1.31892334e+03 ]
   - [ 4.52456238e+02, 7.97995850e+02, 5.16491638e+02, 7.90841125e+02,
       5.80837891e+02, 7.84177795e+02, 6.45948792e+02, 7.77437805e+02,
       7.10889709e+02, 7.70653137e+02, 7.76152954e+02, 7.63791687e+02,
       4.57490997e+02, 8.60843384e+02, 5.21965393e+02, 8.54150635e+02,
       5.86676941e+02, 8.47516296e+02, 6.51666992e+02, 8.40733887e+02,
       7.16914612e+02, 8.33958191e+02, 7.82523499e+02, 8.27500488e+02,
       4.62655731e+02, 9.24839417e+02, 5.27270813e+02, 9.18041931e+02,
       5.92276917e+02, 9.11586548e+02, 6.57528259e+02, 9.04911072e+02,
       7.22895447e+02, 8.98361755e+02, 7.88652527e+02, 8.91765503e+02,
       4.67875671e+02, 9.89407349e+02, 5.32602295e+02, 9.82776978e+02,
       5.97791870e+02, 9.76136536e+02, 6.63269531e+02, 9.69714050e+02,
       7.28922668e+02, 9.63215271e+02, 7.94962097e+02, 9.56629822e+02,
       4.72924744e+02, 1.05396350e+03, 5.38142212e+02, 1.04751575e+03,
       6.03215088e+02, 1.04084460e+03, 6.69100891e+02, 1.03443176e+03,
       7.35021973e+02, 1.02796082e+03, 8.01240479e+02, 1.02166626e+03,
       4.78087830e+02, 1.11881750e+03, 5.43294128e+02, 1.11257959e+03,
       6.08915283e+02, 1.10620520e+03, 6.75006531e+02, 1.09981250e+03,
       7.41101868e+02, 1.09342200e+03, 8.07490540e+02, 1.08698413e+03,
       4.83129028e+02, 1.18432446e+03, 5.48823425e+02, 1.17811755e+03,
       6.14652832e+02, 1.17188318e+03, 6.80877380e+02, 1.16560449e+03,
       7.47137207e+02, 1.15917065e+03, 8.13837646e+02, 1.15286621e+03,
       4.88452271e+02, 1.25022131e+03, 5.54373840e+02, 1.24406067e+03,
       6.20258362e+02, 1.23793359e+03, 6.86744385e+02, 1.23163879e+03,
       7.53247437e+02, 1.22550903e+03, 8.20197205e+02, 1.21913501e+03,
       4.93738556e+02, 1.31629138e+03, 5.59902100e+02, 1.31013672e+03,
       6.26129944e+02, 1.30410034e+03, 6.92680908e+02, 1.29799719e+03,
       7.59355591e+02, 1.29182312e+03, 8.26533081e+02, 1.28575549e+03 ]
   - [ 6.25877625e+02, 7.94853577e+02, 6.72261292e+02, 7.86495239e+02,
       7.20869141e+02, 7.78036194e+02, 7.70515869e+02, 7.69225525e+02,
       8.21513489e+02, 7.60336853e+02, 8.74087158e+02, 7.51212280e+02,
       6.27410400e+02, 8.55270447e+02, 6.74610107e+02, 8.47631104e+02,
       7.23260254e+02, 8.39926514e+02, 7.73166748e+02, 8.32125977e+02,
       8.23924438e+02, 8.24014343e+02, 8.76735291e+02, 8.15845337e+02,
       6.29547974e+02, 9.16278381e+02, 6.76797119e+02, 9.09521790e+02,
       7.25539307e+02, 9.02638000e+02, 7.75645691e+02, 8.95614624e+02,
       8.27032532e+02, 8.88471008e+02, 8.79532532e+02, 8.81229919e+02,
       6.31685913e+02, 9.77787048e+02, 6.79034241e+02, 9.71715820e+02,
       7.27810791e+02, 9.65641663e+02, 7.77919617e+02, 9.59519470e+02,
       8.29393677e+02, 9.53326904e+02, 8.82497681e+02, 9.46813660e+02,
       6.33570251e+02, 1.03918994e+03, 6.80813843e+02, 1.03408240e+03,
       7.29354248e+02, 1.02874744e+03, 7.79974731e+02, 1.02347595e+03,
       8.31474304e+02, 1.01808923e+03, 8.85144958e+02, 1.01241278e+03,
       6.35066406e+02, 1.10072485e+03, 6.83057800e+02, 1.09649170e+03,
       7.32162170e+02, 1.09215356e+03, 7.82579346e+02, 1.08765857e+03,
       8.34477722e+02, 1.08316711e+03, 8.87829956e+02, 1.07843066e+03,
       6.36321533e+02, 1.16283411e+03, 6.84613159e+02, 1.15944275e+03,
       7.34124146e+02, 1.15589014e+03, 7.84739014e+02, 1.15234692e+03,
       8.36376465e+02, 1.14856616e+03, 8.90208557e+02, 1.14478052e+03,
       6.38261414e+02, 1.22511548e+03, 6.86471375e+02, 1.22238123e+03,
       7.35742676e+02, 1.21972827e+03, 7.86634460e+02, 1.21701587e+03,
