%YAML:1.0
cameraMatrix: !!opencv-matrix
   rows: 3
   cols: 3
   dt: d
   data: [ 2.9246405550178179e+03, 0., 6.5480657428399741e+02, 0.,
       2.9121929226956686e+03, 9.9254549670460074e+02, 0., 0., 1. ]
imageSize_width: 1216
imageSize_height: 1936
sensorSize_width: 0
sensorSize_height: 0
distCoeffs: !!opencv-matrix
   rows: 5
   cols: 1
   dt: d
   data: [ -1.2175064300221956e-01, 1.0605470871891789e+00,
       -2.6438094581872577e-03, 3.6369560396654677e-03,
       9.3826132194810752e-01 ]
reprojectionError: 2.5059807300567627e-01
features:
   - [ 3.27326111e+02, 6.61657104e+02, 3.90108521e+02, 6.62520081e+02,
       4.53004730e+02, 6.64287048e+02, 5.16404480e+02, 6.65630615e+02,
       5.79447998e+02, 6.67230164e+02, 6.42870361e+02, 6.68484192e+02,
       3.24695709e+02, 7.22553467e+02, 3.87610779e+02, 7.23886536e+02,
       4.50865845e+02, 7.25598022e+02, 5.14504456e+02, 7.26915405e+02,
       5.77685669e+02, 7.28198425e+02, 6.41299255e+02, 7.29870117e+02,
       3.22044495e+02, 7.84463196e+02, 3.85289581e+02, 7.85873718e+02,
       4.48637695e+02, 7.87541199e+02, 5.12389771e+02, 7.88667236e+02,
       5.75792114e+02, 7.90247864e+02, 6.39494873e+02, 7.91827148e+02,
       3.19316376e+02, 8.47033813e+02, 3.82742310e+02, 8.48417053e+02,
       4.46470703e+02, 8.49790222e+02, 5.10368042e+02, 8.51489746e+02,
       5.74128967e+02, 8.52666199e+02, 6.37966675e+02, 8.54321594e+02,
       3.16693970e+02, 9.09674438e+02, 3.80398529e+02, 9.10917175e+02,
       4.43935455e+02, 9.12255737e+02, 5.08227936e+02, 9.13776123e+02,
       5.72288635e+02, 9.15506836e+02, 6.36558594e+02, 9.17077820e+02,
       3.13914673e+02, 9.72375244e+02, 3.77731232e+02, 9.73868774e+02,
       4.41706696e+02, 9.75608704e+02, 5.06214905e+02, 9.76938354e+02,
       5.70551514e+02, 9.78434753e+02, 6.34837341e+02, 9.80079224e+02,
       3.11188385e+02, 1.03567749e+03, 3.75312958e+02, 1.03749658e+03,
       4.39367493e+02, 1.03884985e+03, 5.04119080e+02, 1.04043787e+03,
       5.68541138e+02, 1.04199768e+03, 6.33156555e+02, 1.04360168e+03,
       3.08582153e+02, 1.09958386e+03, 3.72857239e+02, 1.10118372e+03,
       4.37252258e+02, 1.10255225e+03, 5.01903656e+02, 1.10427344e+03,
       5.66639038e+02, 1.10579578e+03, 6.31418030e+02, 1.10752124e+03,
       3.06007477e+02, 1.16364111e+03, 3.70642090e+02, 1.16525342e+03,
       4.35138245e+02, 1.16664709e+03, 4.99980133e+02, 1.16829468e+03,
       5.64780823e+02, 1.16988416e+03, 6.29803650e+02, 1.17162659e+03 ]
   - [ 3.18481903e+02, 7.95923645e+02, 3.80703613e+02, 7.97689026e+02,
       4.41765625e+02, 7.99651672e+02, 5.02639771e+02, 8.01613342e+02,
       5.62638123e+02, 8.03592224e+02, 6.21637512e+02, 8.05513428e+02,
       3.19584473e+02, 8.58496338e+02, 3.82012909e+02, 8.59825500e+02,
       4.43279022e+02, 8.61622803e+02, 5.04336090e+02, 8.62973572e+02,
       5.64480286e+02, 8.64310974e+02, 6.23451172e+02, 8.66003235e+02,
       3.20681274e+02, 9.21882690e+02, 3.83223694e+02, 9.22850708e+02,
       4.44618622e+02, 9.23896729e+02, 5.05615814e+02, 9.25028381e+02,
       5.65646667e+02, 9.26073425e+02, 6.25365601e+02, 9.27310059e+02,
       3.21872620e+02, 9.85686218e+02, 3.84550507e+02, 9.86348938e+02,
       4.46417389e+02, 9.86800598e+02, 5.07402496e+02, 9.87574097e+02,
       5.67609558e+02, 9.88105469e+02, 6.27264771e+02, 9.88697327e+02,
       3.23138062e+02, 1.04958740e+03, 3.85902069e+02, 1.04966040e+03,
       4.47835388e+02, 1.04975537e+03, 5.09245209e+02, 1.04989539e+03,
       5.69575073e+02, 1.05010388e+03, 6.29291626e+02, 1.05042969e+03,
       3.24513641e+02, 1.11359778e+03, 3.87293915e+02, 1.11345789e+03,
       4.49236023e+02, 1.11310571e+03, 5.10697113e+02, 1.11271729e+03,
       5.71342712e+02, 1.11245117e+03, 6.31202454e+02, 1.11235730e+03,
       3.25981049e+02, 1.17815100e+03, 3.88730469e+02, 1.17752673e+03,
       4.50857971e+02, 1.17657043e+03, 5.12634155e+02, 1.17596448e+03,
       5.73334961e+02, 1.17536609e+03, 6.33285645e+02, 1.17448975e+03,
       3.27306854e+02, 1.24290649e+03, 3.90487396e+02, 1.24177026e+03,
       4.52686981e+02, 1.24044666e+03, 5.14634460e+02, 1.23946143e+03,
       5.75244507e+02, 1.23815491e+03, 6.35244568e+02, 1.23707727e+03,
       3.28577911e+02, 1.30784875e+03, 3.91815125e+02, 1.30627771e+03,
       4.54342468e+02, 1.30448413e+03, 5.16173889e+02, 1.30278906e+03,
       5.76968811e+02, 1.30130408e+03, 6.37226135e+02, 1.29966809e+03 ]
   - [ 3.96066559e+02, 7.91786072e+02, 4.50354004e+02, 7.87126770e+02,
       5.06158325e+02, 7.82667236e+02, 5.62608154e+02, 7.78032410e+02,
       6.20132507e+02, 7.73563538e+02, 6.78530945e+02, 7.68784485e+02,
       3.94234924e+02, 8.50438904e+02, 4.48887390e+02, 8.46376526e+02,
       5.04756439e+02, 8.42408203e+02, 5.61536865e+02, 8.38228882e+02,
       6.19021484e+02, 8.34074341e+02, 6.77618469e+02, 8.29960754e+02,
       3.92597351e+02, 9.10065918e+02, 4.47445313e+02, 9.06504883e+02,
       5.03397034e+02, 9.03003540e+02, 5.60542053e+02, 8.99497620e+02,
       6.18477600e+02, 8.95808838e+02, 6.77033997e+02, 8.91944641e+02,
       3.90990417e+02, 9.70309570e+02, 4.46031616e+02, 9.67153076e+02,
       5.02346527e+02, 9.63903503e+02, 5.59242493e+02, 9.60804382e+02,
       6.17313599e+02, 9.57680725e+02, 6.76424988e+02, 9.54425903e+02,
       3.89153778e+02, 1.03044788e+03, 4.44456543e+02, 1.02772339e+03,
       5.00452911e+02, 1.02503674e+03, 5.57885559e+02, 1.02236292e+03,
       6.16086914e+02, 1.01972729e+03, 6.75451721e+02, 1.01720227e+03,
       3.87312408e+02, 1.09099426e+03, 4.42989685e+02, 1.08879492e+03,
       4.99419830e+02, 1.08661890e+03, 5.56922974e+02, 1.08449658e+03,
       6.15387512e+02, 1.08243115e+03, 6.74981445e+02, 1.08011731e+03,
       3.85190125e+02, 1.15195728e+03, 4.41341644e+02, 1.15040820e+03,
       4.97906525e+02, 1.14862927e+03, 5.55550049e+02, 1.14720447e+03,
       6.14149658e+02, 1.14550830e+03, 6.73974609e+02, 1.14365747e+03,
       3.83451721e+02, 1.21341956e+03, 4.39512726e+02, 1.21216174e+03,
       4.96473358e+02, 1.21114099e+03, 5.54395386e+02, 1.20987048e+03,
       6.13201233e+02, 1.20855151e+03, 6.73247742e+02, 1.20757666e+03,
       3.82209106e+02, 1.27504565e+03, 4.38374908e+02, 1.27436938e+03,
       4.95245026e+02, 1.27372021e+03, 5.53358704e+02, 1.27301172e+03,
       6.12423523e+02, 1.27228235e+03, 6.72543457e+02, 1.27164197e+03 ]
   - [ 5.99898071e+02, 7.95834839e+02, 6.29970398e+02, 7.88725037e+02,
       6.62332458e+02, 7.81714661e+02, 6.95158691e+02, 7.74400513e+02,
       7.29538574e+02, 7.66939026e+02, 7.64721008e+02, 7.59149475e+02,
       5.96093445e+02, 8.53203552e+02, 6.26955505e+02, 8.47266113e+02,
       6.59188354e+02, 8.41215149e+02, 6.92381714e+02, 8.34979736e+02,
       7.25970215e+02, 8.28373291e+02, 7.61765381e+02, 8.21903992e+02,
       5.93095947e+02, 9.11269897e+02, 6.23854675e+02, 9.06403259e+02,
       6.56074951e+02, 9.01181580e+02, 6.89234863e+02, 8.96127869e+02,
       7.23423340e+02, 8.90817627e+02, 7.58702637e+02, 8.85195007e+02,
       5.89983948e+02, 9.69643494e+02, 6.20653687e+02, 9.65611755e+02,
       6.52668823e+02, 9.61728882e+02, 6.85645508e+02, 9.57493591e+02,
       7.20057983e+02, 9.53454834e+02, 7.55507996e+02, 9.48976624e+02,
       5.86577148e+02, 1.02790295e+03, 6.17121277e+02, 1.02497571e+03,
       6.48651367e+02, 1.02195508e+03, 6.82177856e+02, 1.01897064e+03,
       7.16205933e+02, 1.01581281e+03, 7.52480591e+02, 1.01254742e+03,
       5.82780273e+02, 1.08627368e+03, 6.14041016e+02, 1.08445154e+03,
       6.46172485e+02, 1.08263586e+03, 6.79191956e+02, 1.08071472e+03,
       7.13497009e+02, 1.07865662e+03, 7.49269470e+02, 1.07663757e+03,
       5.78642700e+02, 1.14509497e+03, 6.10354614e+02, 1.14429443e+03,
       6.42505615e+02, 1.14360571e+03, 6.75558411e+02, 1.14269543e+03,
       7.09443176e+02, 1.14184326e+03, 7.45431091e+02, 1.14102808e+03,
       5.75292847e+02, 1.20405762e+03, 6.06551025e+02, 1.20425439e+03,
       6.38590149e+02, 1.20445728e+03, 6.71644409e+02, 1.20471411e+03,
