%YAML:1.0
cameraMatrix: !!opencv-matrix
   rows: 3
   cols: 3
   dt: d
   data: [ 2.9001912809760806e+03, 0., 6.0248823751393570e+02, 0.,
       2.8887588396561050e+03, 9.2662627678453146e+02, 0., 0., 1. ]
imageSize_width: 1216
imageSize_height: 1936
sensorSize_width: 0
sensorSize_height: 0
distCoeffs: !!opencv-matrix
   rows: 5
   cols: 1
   dt: d
   data: [ -4.6448744198827000e-03, -2.6272565879800123e+00,
       -8.2358880679675676e-03, 1.4284634529900797e-03,
       3.4698937799691272e+01 ]
reprojectionError: 2.7156817913055420e-01
features:
   - [ 4.98766083e+02, 1.38989124e+03, 4.12950623e+02, 1.38646375e+03,
       3.27635559e+02, 1.38267480e+03, 2.42084518e+02, 1.37889563e+03,
       1.57105148e+02, 1.37498425e+03, 7.23018723e+01, 1.37114478e+03,
       5.02596619e+02, 1.30431860e+03, 4.17486115e+02, 1.30085840e+03,
       3.32465240e+02, 1.29750854e+03, 2.47619843e+02, 1.29367175e+03,
       1.62990372e+02, 1.28991455e+03, 7.87450027e+01, 1.28601208e+03,
       5.06973297e+02, 1.21916846e+03, 4.21832245e+02, 1.21595105e+03,
       3.37551117e+02, 1.21255554e+03, 2.53092468e+02, 1.20915601e+03,
       1.69182999e+02, 1.20552295e+03, 8.52288361e+01, 1.20185193e+03,
       5.11061646e+02, 1.13456006e+03, 4.26621674e+02, 1.13149854e+03,
       3.42568176e+02, 1.12842651e+03, 2.58547058e+02, 1.12506091e+03,
       1.75030731e+02, 1.12179260e+03, 9.16687927e+01, 1.11824207e+03,
       5.15234314e+02, 1.05118774e+03, 4.31113647e+02, 1.04825464e+03,
       3.47508362e+02, 1.04517102e+03, 2.63819427e+02, 1.04221301e+03,
       1.80652390e+02, 1.03890613e+03, 9.78391724e+01, 1.03573010e+03,
       5.19238220e+02, 9.68674438e+02, 4.35757080e+02, 9.65981567e+02,
       3.52606873e+02, 9.63196838e+02, 2.69314148e+02, 9.60207764e+02,
       1.86734726e+02, 9.57288879e+02, 1.04185341e+02, 9.54340454e+02,
       5.23466125e+02, 8.86607666e+02, 4.40341644e+02, 8.84112061e+02,
       3.57555939e+02, 8.81593140e+02, 2.74898956e+02, 8.78844116e+02,
       1.92417572e+02, 8.75898865e+02, 1.10393066e+02, 8.73296814e+02,
       5.27517212e+02, 8.05713440e+02, 4.44781586e+02, 8.03359680e+02,
       3.62537018e+02, 8.00811951e+02, 2.80169586e+02, 7.98314148e+02,
       1.98419662e+02, 7.95865051e+02, 1.16647606e+02, 7.93352295e+02,
       5.31605042e+02, 7.26054504e+02, 4.49279968e+02, 7.23753235e+02,
       3.67474548e+02, 7.21576965e+02, 2.85475494e+02, 7.19243652e+02,
       2.04197357e+02, 7.16834045e+02, 1.22970978e+02, 7.14345642e+02 ]
   - [ 6.31511902e+02, 1.33607532e+03, 5.53972778e+02, 1.33059729e+03,
       4.76763062e+02, 1.32505725e+03, 3.99395111e+02, 1.31935950e+03,
       3.22702820e+02, 1.31356641e+03, 2.46007629e+02, 1.30766370e+03,
       6.36674316e+02, 1.25874194e+03, 5.59464539e+02, 1.25338867e+03,
       4.82615784e+02, 1.24801318e+03, 4.05482361e+02, 1.24250232e+03,
       3.28759613e+02, 1.23665002e+03, 2.52406479e+02, 1.23098413e+03,
       6.42273071e+02, 1.18149890e+03, 5.64987061e+02, 1.17626416e+03,
       4.88373779e+02, 1.17108252e+03, 4.11490753e+02, 1.16561450e+03,
       3.35261841e+02, 1.16015076e+03, 2.59032867e+02, 1.15449231e+03,
       6.47535278e+02, 1.10451416e+03, 5.70795471e+02, 1.09940247e+03,
       4.94225739e+02, 1.09417676e+03, 4.17627014e+02, 1.08894519e+03,
       3.41433075e+02, 1.08362085e+03, 2.65569427e+02, 1.07816479e+03,
       6.52973694e+02, 1.02805151e+03, 5.76412354e+02, 1.02306403e+03,
       4.99960663e+02, 1.01804193e+03, 4.23489655e+02, 1.01295435e+03,
       3.47614441e+02, 1.00777911e+03, 2.71784851e+02, 1.00276874e+03,
       6.58437744e+02, 9.52152771e+02, 5.82002747e+02, 9.47510071e+02,
       5.05846008e+02, 9.42572388e+02, 4.29625793e+02, 9.37687317e+02,
       3.53815094e+02, 9.32655518e+02, 2.78289612e+02, 9.27690186e+02,
       6.63714294e+02, 8.76382202e+02, 5.87452759e+02, 8.71889282e+02,
       5.11606354e+02, 8.67342896e+02, 4.35582825e+02, 8.62486572e+02,
       3.60086121e+02, 8.57683655e+02, 2.84749207e+02, 8.52812378e+02,
       6.68886108e+02, 8.01531250e+02, 5.92954285e+02, 7.96922729e+02,
       5.17261963e+02, 7.92362793e+02, 4.41596771e+02, 7.87790649e+02,
       3.66340485e+02, 7.83298523e+02, 2.91311432e+02, 7.78637817e+02,
       6.74376038e+02, 7.27263184e+02, 5.98546265e+02, 7.22833313e+02,
       5.23110535e+02, 7.18430359e+02, 4.47538544e+02, 7.14113037e+02,
       3.72578735e+02, 7.09600647e+02, 2.97662781e+02, 7.05108643e+02 ]
   - [ 6.15770325e+02, 1.35307092e+03, 5.35697083e+02, 1.34773376e+03,
       4.55953003e+02, 1.34252234e+03, 3.75818848e+02, 1.33755664e+03,
       2.96185150e+02, 1.33181384e+03, 2.16443481e+02, 1.32631421e+03,
       6.20182251e+02, 1.27807947e+03, 5.39592346e+02, 1.27292383e+03,
       4.59259644e+02, 1.26755518e+03, 3.78765778e+02, 1.26223376e+03,
       2.98377136e+02, 1.25697375e+03, 2.18238968e+02, 1.25133228e+03,
       6.24940491e+02, 1.20167017e+03, 5.43675354e+02, 1.19628821e+03,
       4.62788269e+02, 1.19095239e+03, 3.81569519e+02, 1.18573010e+03,
       3.00942505e+02, 1.18018384e+03, 2.20050674e+02, 1.17489160e+03,
       6.29655457e+02, 1.12369592e+03, 5.47904297e+02, 1.11853027e+03,
       4.66510681e+02, 1.11318433e+03, 3.84612366e+02, 1.10792505e+03,
       3.03265717e+02, 1.10247278e+03, 2.21980469e+02, 1.09719885e+03,
       6.34636780e+02, 1.04490015e+03, 5.52286133e+02, 1.03999487e+03,
       4.70130310e+02, 1.03500659e+03, 3.87634827e+02, 1.02953955e+03,
       3.05745789e+02, 1.02427893e+03, 2.23721878e+02, 1.01876563e+03,
       6.39513428e+02, 9.65241028e+02, 5.56575012e+02, 9.60145752e+02,
       4.73777527e+02, 9.54994446e+02, 3.91018463e+02, 9.49552124e+02,
       3.08342072e+02, 9.44458374e+02, 2.25853546e+02, 9.39152283e+02,
       6.44573730e+02, 8.84341614e+02, 5.61161072e+02, 8.79182800e+02,
       4.77725433e+02, 8.74142517e+02, 3.94298035e+02, 8.68802734e+02,
       3.10944397e+02, 8.63798706e+02, 2.27825882e+02, 8.58412903e+02,
       6.49606567e+02, 8.02354065e+02, 5.65507690e+02, 7.97146240e+02,
       4.81620453e+02, 7.92123352e+02, 3.97497528e+02, 7.87132935e+02,
       3.13759155e+02, 7.81702576e+02, 2.30083878e+02, 7.76535339e+02,
       6.54793823e+02, 7.19258667e+02, 5.70168213e+02, 7.14149414e+02,
       4.85591187e+02, 7.08994202e+02, 4.01079834e+02, 7.03991516e+02,
       3.16636505e+02, 6.98873779e+02, 2.32450516e+02, 6.93586304e+02 ]
   - [ 6.46732971e+02, 1.35604321e+03, 5.70667358e+02, 1.36176855e+03,
       4.95050079e+02, 1.36726550e+03, 4.19418121e+02, 1.37238269e+03,
       3.44495117e+02, 1.37781116e+03, 2.69703979e+02, 1.38279468e+03,
       6.46132751e+02, 1.29528491e+03, 5.71379150e+02, 1.30090454e+03,
       4.97180756e+02, 1.30659729e+03, 4.22965149e+02, 1.31220117e+03,
       3.49150299e+02, 1.31710083e+03, 2.76010315e+02, 1.32252576e+03,
       6.45688904e+02, 1.23620923e+03, 5.72318726e+02, 1.24198657e+03,
       4.99312073e+02, 1.24792468e+03, 4.26554932e+02, 1.25351819e+03,
       3.54117493e+02, 1.25894800e+03, 2.82161255e+02, 1.26392456e+03,
       6.45325378e+02, 1.17948096e+03, 5.73191589e+02, 1.18505994e+03,
       5.01372650e+02, 1.19106018e+03, 4.29761658e+02, 1.19646118e+03,
       3.58677460e+02, 1.20203552e+03, 2.87918457e+02, 1.20734497e+03,
       6.44983643e+02, 1.12436304e+03, 5.73949097e+02, 1.13015869e+03,
       5.03328369e+02, 1.13565015e+03, 4.32873260e+02, 1.14159729e+03,
       3.62952332e+02, 1.14697034e+03, 2.93224243e+02, 1.15274133e+03,
       6.44561096e+02, 1.07118005e+03, 5.74892944e+02, 1.07709497e+03,
       5.05365845e+02, 1.08332251e+03, 4.36203308e+02, 1.08886707e+03,
       3.67237152e+02, 1.09433423e+03, 2.98733917e+02, 1.10005640e+03,
       6.44337341e+02, 1.01921869e+03, 5.75450928e+02, 1.02559753e+03,
       5.07393585e+02, 1.03134924e+03, 4.39193848e+02, 1.03719739e+03,
       3.71293304e+02, 1.04256677e+03, 3.03998779e+02, 1.04839526e+03,
       6.43769226e+02, 9.69646667e+02, 5.76498352e+02, 9.75246582e+02,
       5.09170227e+02, 9.81226807e+02, 4.42050629e+02, 9.87064270e+02,
