%YAML:1.0
K0: !!opencv-matrix
   rows: 3
   cols: 3
   dt: d
   data: [ 3.0157831332874393e+03, 0., 6.3443820434619431e+02, 0.,
       3.0025835029149093e+03, 9.8597378918499112e+02, 0., 0., 1. ]
D0: !!opencv-matrix
   rows: 5
   cols: 1
   dt: d
   data: [ -1.2697634570634272e-01, 1.4476462972277093e+00,
       1.4887077831938669e-03, 2.0328716152772167e-03,
       -9.8760613115185458e-01 ]
K1: !!opencv-matrix
   rows: 3
   cols: 3
   dt: d
   data: [ 2.9246405550178179e+03, 0., 6.5480657428399741e+02, 0.,
       2.9121929226956686e+03, 9.9254549670460074e+02, 0., 0., 1. ]
D1: !!opencv-matrix
   rows: 5
   cols: 1
   dt: d
   data: [ -1.2175064300221956e-01, 1.0605470871891789e+00,
       -2.6438094581872577e-03, 3.6369560396654677e-03,
       9.3826132194810752e-01 ]
R: !!opencv-matrix
   rows: 3
   cols: 3
   dt: d
   data: [ 9.5526053846621239e-01, -5.0788683710973150e-02,
       2.9137229321977143e-01, 5.1440889947589989e-02,
       9.9866129588051489e-01, 5.4268731006533351e-03,
       -2.9125785567198292e-01, 9.8043723489772954e-03,
       9.5659434233754526e-01 ]
T: [ -4.3208574322823665e+01, -1.6036568230072572e+00,
    8.4845153830589606e+00 ]
E: !!opencv-matrix
   rows: 3
   cols: 3
   dt: d
   data: [ 3.0626625424268028e-02, -8.4888799759765661e+00,
       -1.5800934322441467e+00, -4.4799139704633575e+00,
       -7.2844169016450522e-03, 4.3805230441704765e+01,
       -6.9077743627170696e-01, -4.3232178445545280e+01,
       2.3277371634704547e-01 ]
F: !!opencv-matrix
   rows: 3
   cols: 3
   dt: d
   data: [ -3.6693000383254873e-09, 1.0215026213120691e-06,
       -4.3393778076613362e-04, 5.3902152500520046e-07,
       8.8031122867209112e-10, -1.6237916253888086e-02,
       -2.9055648357874983e-04, 1.4545125880164532e-02, 1. ]
R0: !!opencv-matrix
   rows: 3
   cols: 3
   dt: d
   data: [ 9.9469431490636906e-01, -1.5345832494917855e-02,
       1.0172376968037986e-01, 1.5477445771682544e-02,
       9.9988008981093235e-01, -5.0465043994686468e-04,
       -1.0170382768280493e-01, 2.0763970525493601e-03,
       9.9481255521326539e-01 ]
R1: !!opencv-matrix
   rows: 3
   cols: 3
   dt: d
   data: [ 9.8061110954633679e-01, 3.6394713808227348e-02,
       -1.9255460690702669e-01, -3.6144641604329349e-02,
       9.9933498112642449e-01, 4.8125232823842141e-03,
       1.9260170486679740e-01, 2.2406034602606498e-03,
       9.8127445853774098e-01 ]
P0: !!opencv-matrix
   rows: 3
   cols: 4
   dt: d
   data: [ 2.8575639511864520e+03, 0., 3.2963107299804688e+02, 0., 0.,
       2.8575639511864520e+03, 9.8020926666259766e+02, 0., 0., 0., 1.,
       0. ]
P1: !!opencv-matrix
   rows: 3
   cols: 4
   dt: d
   data: [ 2.8575639511864520e+03, 0., 1.2431404204368591e+03,
       -1.2591256938153942e+05, 0., 2.8575639511864520e+03,
       9.8020926666259766e+02, 0., 0., 0., 1., 0. ]
Q: !!opencv-matrix
   rows: 4
   cols: 4
   dt: d
   data: [ 1., 0., 0., -3.2963107299804688e+02, 0., 1., 0.,
       -9.8020926666259766e+02, 0., 0., 0., 2.8575639511864520e+03, 0.,
       0., 2.2694826777201894e-02, 2.0731936399478585e+01 ]
