%YAML:1.0
K0: !!opencv-matrix
   rows: 3
   cols: 3
   dt: d
   data: [ 3.0123001690120800e+03, 0., 5.9215043570861110e+02, 0.,
       2.9998684680108986e+03, 9.9971623145889487e+02, 0., 0., 1. ]
D0: !!opencv-matrix
   rows: 5
   cols: 1
   dt: d
   data: [ -1.8751272396739144e-01, 2.8153755944637937e+00,
       4.2329393119785860e-03, 2.5054602858423365e-03,
       -1.2315668795333801e+01 ]
K1: !!opencv-matrix
   rows: 3
   cols: 3
   dt: d
   data: [ 2.9001912809760806e+03, 0., 6.0248823751393570e+02, 0.,
       2.8887588396561050e+03, 9.2662627678453146e+02, 0., 0., 1. ]
D1: !!opencv-matrix
   rows: 5
   cols: 1
   dt: d
   data: [ -4.6448744198827000e-03, -2.6272565879800123e+00,
       -8.2358880679675676e-03, 1.4284634529900797e-03,
       3.4698937799691272e+01 ]
R: !!opencv-matrix
   rows: 3
   cols: 3
   dt: d
   data: [ 9.5389382053498195e-01, -5.5551509192947698e-02,
       2.9495865637672269e-01, 4.8007982475343089e-02,
       9.9830955267024335e-01, 3.2760809910407598e-02,
       -2.9627995673656848e-01, -1.7089964122974557e-02,
       9.5494822915300104e-01 ]
T: [ -4.3037387034240041e+01, -2.1303863020603027e+00,
    8.5833436239011700e+00 ]
E: !!opencv-matrix
   rows: 3
   cols: 3
   dt: d
   data: [ 2.1912175113050936e-01, -8.5324257081214743e+00,
       -2.3156059154226316e+00, -4.5635167261919296e+00,
       -1.2123250925911075e+00, 4.3630208038245456e+01,
       -3.3975793636659812e-02, -4.3082980772491744e+01,
       -7.8156377445029690e-01 ]
F: !!opencv-matrix
   rows: 3
   cols: 3
   dt: d
   data: [ -2.6951076075829495e-08, 1.0538023643004793e-06,
       -1.7961095360860224e-04, 5.6351518281767034e-07,
       1.5032150057193073e-07, -1.6712955069563318e-02,
       -4.9381070889400580e-04, 1.4657691767457771e-02, 1. ]
R0: !!opencv-matrix
   rows: 3
   cols: 3
   dt: d
   data: [ 9.9457851244008988e-01, -2.6701575255417458e-03,
       1.0395409011312085e-01, 1.4779918473654828e-03,
       9.9993227886695546e-01, 1.1543535855025565e-02,
       -1.0397787328348843e-01, -1.1327309421302683e-02,
       9.9451510492737960e-01 ]
R1: !!opencv-matrix
   rows: 3
   cols: 3
   dt: d
   data: [ 9.7953278707843394e-01, 4.8487684216299301e-02,
       -1.9535727147382004e-01, -5.0733034066164938e-02,
       9.9869107700675486e-01, -6.5032270089140712e-03,
       1.9478623743169518e-01, 1.6281191185799682e-02,
       9.8071058142592449e-01 ]
P0: !!opencv-matrix
   rows: 3
   cols: 4
   dt: d
   data: [ 2.8866577983429124e+03, 0., 2.7968796539306641e+02, 0., 0.,
       2.8866577983429124e+03, 9.6018820190429688e+02, 0., 0., 0., 1.,
       0. ]
P1: !!opencv-matrix
   rows: 3
   cols: 4
   dt: d
   data: [ 2.8866577983429124e+03, 0., 1.2008752584457397e+03,
       -1.2683006688651386e+05, 0., 2.8866577983429124e+03,
       9.6018820190429688e+02, 0., 0., 0., 1., 0. ]
Q: !!opencv-matrix
   rows: 4
   cols: 4
   dt: d
   data: [ 1., 0., 0., -2.7968796539306641e+02, 0., 1., 0.,
       -9.6018820190429688e+02, 0., 0., 0., 2.8866577983429124e+03, 0.,
       0., 2.2760043175928165e-02, 2.0966262562995237e+01 ]
